0: 
49	 	57	 	159	 	179	 	365	 	515	 	711	 	821	 	946	 	1508	 	1888	 	1935	  
1: 
16	 	39	 	431	 	702	 	1295	 	1336	 	1420	 	1504	 	1539	 	1550	 	1708	 	1724	 	1739	 	1779	  
2: 
171	 	303	 	559	 	604	 	705	 	707	 	771	 	932	 	1244	 	1521	 	1687	 	1721	 	1749	 	1984	 	1996	  
3: 
62	 	82	 	122	 	524	 	650	 	680	 	681	 	699	 	891	 	893	 	972	 	1216	 	1272	 	1433	 	1643	  
4: 
289	 	532	 	581	 	582	 	772	 	936	 	1036	 	1091	 	1162	 	1302	 	1362	 	1423	 	1630	 	1807	 	1884	  
5: 
344	 	500	 	503	 	880	 	1208	 	1222	 	1411	 	1599	 	1607	 	1875	  
6: 
331	 	341	 	433	 	518	 	544	 	570	 	592	 	615	 	703	 	706	 	778	 	860	 	1062	 	1263	 	1267	 	1409	 	1555	 	1650	 	1817	  
7: 
106	 	168	 	382	 	409	 	689	 	853	 	986	 	1054	 	1399	 	1429	 	1446	 	1523	 	1656	 	1672	 	1754	 	1920	 	1950	 	1988	  
8: 
15	 	120	 	294	 	343	 	785	 	904	 	1017	 	1070	 	1213	 	1227	 	1246	 	1325	 	1652	 	1710	 	1712	 	1716	 	1723	  
9: 
327	 	468	 	493	 	659	 	674	 	722	 	746	 	757	 	810	 	866	 	1010	 	1165	 	1278	 	1287	 	1339	 	1427	 	1490	 	1505	 	1602	 	1728	 	1763	 	1871	  
10: 
70	 	225	 	296	 	309	 	412	 	446	 	555	 	589	 	694	 	796	 	869	 	975	 	978	 	1261	 	1442	 	1616	 	1702	 	1757	 	1805	 	1845	 	1970	  
11: 
246	 	380	 	531	 	622	 	804	 	870	 	1111	 	1250	 	1461	 	1781	 	1820	  
12: 
86	 	118	 	174	 	373	 	649	 	708	 	895	 	941	 	1076	 	1118	 	1158	 	1170	 	1236	 	1251	 	1474	 	1678	 	1877	  
13: 
282	 	399	 	563	 	613	 	765	 	803	 	901	 	1594	 	1597	 	1722	  
14: 
233	 	845	 	973	 	1372	 	1396	 	1436	 	1452	 	1472	 	1479	 	1572	 	1658	 	1727	 	1840	 	1987	  
15: 
90	 	185	 	204	 	272	 	275	 	1151	 	1185	  
16: 
74	 	189	 	212	 	231	 	460	 	461	 	814	 	818	 	838	 	894	 	924	 	1087	 	1193	 	1473	 	1546	 	1603	 	1684	 	1731	 	1801	 	1861	 	1957	  
17: 
24	 	183	 	201	 	223	 	394	 	477	 	610	 	612	 	720	 	1245	 	1482	 	1587	 	1890	 	1974	  
18: 
10	 	13	 	76	 	181	 	594	 	892	 	1050	 	1067	 	1209	 	1328	 	1431	 	1432	 	1752	 	1931	  
19: 
87	 	232	 	297	 	459	 	508	 	644	 	657	 	709	 	806	 	1064	 	1171	 	1288	 	1408	 	1578	 	1582	 	1626	 	1638	 	1671	 	1705	 	1713	 	1879	  
20: 
131	 	363	 	587	 	929	 	939	 	1259	 	1268	 	1489	 	1510	 	1736	 	1928	 	1943	  
21: 
46	 	140	 	141	 	177	 	716	 	966	 	976	 	1152	 	1228	 	1697	 	1729	 	1811	 	1925	 	1983	  
22: 
193	 	203	 	585	 	780	 	802	 	865	 	1078	 	1108	 	1201	 	1229	 	1438	 	1460	 	1809	 	1812	  
23: 
295	 	416	 	530	 	665	 	743	 	788	 	915	 	961	 	1204	 	1612	 	1629	 	1810	 	1868	 	1958	  
24: 
195	 	213	 	224	 	247	 	370	 	504	 	1141	 	1481	 	1773	 	1917	 	1945	  
25: 
65	 	150	 	175	 	186	 	248	 	320	 	372	 	390	 	562	 	593	 	684	 	769	 	969	 	1066	 	1199	 	1283	 	1293	 	1528	 	1573	 	1741	 	1777	 	1914	  
26: 
35	 	132	 	194	 	217	 	256	 	537	 	678	 	752	 	787	 	812	 	1075	 	1280	 	1286	 	1386	 	1593	 	1815	 	1835	  
27: 
31	 	119	 	259	 	426	 	514	 	523	 	549	 	651	 	786	 	916	 	952	 	1048	 	1055	 	1061	 	1094	 	1256	 	1318	 	1440	 	1455	 	1575	 	1799	  
28: 
7	 	58	 	100	 	300	 	392	 	405	 	472	 	590	 	653	 	686	 	741	 	767	 	1003	 	1394	 	1407	 	1627	 	1676	 	1698	  
29: 
302	 	458	 	482	 	501	 	513	 	553	 	640	 	704	 	732	 	862	 	1029	 	1192	 	1849	  
30: 
27	 	261	 	270	 	354	 	829	 	1130	 	1169	 	1240	 	1289	 	1441	 	1545	 	1967	  
31: 
240	 	254	 	340	 	376	 	456	 	496	 	528	 	601	 	919	 	944	 	947	 	1090	 	1100	 	1456	 	1660	 	1776	 	1783	 	1803	 	1929	  
32: 
107	 	151	 	163	 	463	 	533	 	760	 	934	 	1030	 	1104	 	1260	 	1348	 	1785	 	1906	 	1924	 	1946	  
33: 
66	 	99	 	199	 	206	 	243	 	333	 	437	 	569	 	574	 	578	 	733	 	830	 	1218	 	1297	 	1303	 	1311	 	1341	 	1822	 	1892	  
34: 
124	 	250	 	263	 	415	 	529	 	677	 	714	 	1514	 	1661	 	1666	 	1982	  
35: 
43	 	64	 	228	 	269	 	281	 	305	 	352	 	375	 	511	 	616	 	641	 	907	 	1253	 	1590	 	1760	 	1764	 	1854	  
36: 
18	 	348	 	539	 	685	 	697	 	943	 	1307	 	1359	 	1673	 	1755	 	1856	 	1873	 	1999	  
37: 
138	 	198	 	337	 	598	 	789	 	832	 	837	 	910	 	918	 	980	 	1002	 	1019	 	1493	 	1526	  
38: 
103	 	339	 	565	 	864	 	925	 	948	 	1138	 	1145	 	1166	 	1198	 	1377	 	1639	 	1959	 	1968	  
39: 
155	 	173	 	718	 	768	 	875	 	1096	 	1300	 	1451	 	1571	 	1640	 	1793	 	1985	  
40: 
12	 	48	 	178	 	245	 	332	 	583	 	636	 	897	 	1086	 	1366	 	1610	 	1624	 	1761	 	1795	 	1954	  
41: 
252	 	342	 	400	 	457	 	473	 	542	 	646	 	773	 	902	 	1081	 	1089	 	1135	 	1184	 	1196	 	1254	 	1290	 	1301	 	1317	 	1397	 	1410	 	1448	 	1535	 	1686	 	1704	 	1717	 	1766	 	1876	 	1948	  
42: 
239	 	287	 	548	 	715	 	805	 	842	 	951	 	997	 	1015	 	1133	 	1243	 	1335	 	1543	 	1620	 	1830	  
43: 
53	 	172	 	266	 	364	 	386	 	397	 	540	 	586	 	663	 	727	 	903	 	1127	 	1131	 	1234	 	1281	 	1381	 	1393	 	1471	 	1477	 	1636	 	1778	 	1821	 	1860	 	1907	  
44: 
136	 	277	 	438	 	579	 	784	 	795	 	834	 	856	 	963	 	1034	 	1188	 	1551	 	1645	 	1669	 	1675	 	1709	 	1882	 	1895	  
45: 
166	 	510	 	551	 	575	 	619	 	960	 	1033	 	1071	 	1074	 	1117	 	1495	 	1694	 	1733	 	1937	  
46: 
20	 	52	 	170	 	176	 	210	 	230	 	315	 	556	 	596	 	725	 	817	 	1053	 	1398	 	1784	 	1859	 	1902	 	1930	  
47: 
395	 	541	 	776	 	871	 	1147	 	1183	 	1562	 	1692	 	1787	 	1791	 	1872	  
48: 
109	 	192	 	454	 	745	 	792	 	1314	 	1356	 	1376	 	1443	 	1466	 	1767	 	1989	  
49: 
21	 	50	 	113	 	323	 	334	 	423	 	466	 	546	 	1149	 	1357	 	1503	 	1617	 	1679	 	1832	  
50: 
147	 	154	 	229	 	253	 	959	 	962	 	968	 	1494	 	1863	 	1915	  
51: 
144	 	164	 	227	 	355	 	484	 	552	 	608	 	629	 	688	 	984	 	1101	 	1136	 	1177	 	1478	 	1750	 	1774	 	1894	 	1903	 	1955	  
52: 
72	 	148	 	314	 	700	 	736	 	825	 	863	 	1001	 	1072	 	1182	 	1226	 	1275	 	1654	 	1681	 	1759	 	1827	 	1829	 	1971	  
53: 
134	 	317	 	374	 	670	 	735	 	942	 	956	 	1013	 	1038	 	1577	 	1670	 	1814	 	1826	 	1828	  
54: 
34	 	97	 	115	 	162	 	209	 	346	 	383	 	481	 	819	 	911	 	1045	 	1092	 	1337	 	1434	 	1486	 	1789	 	1934	  
55: 
197	 	238	 	271	 	285	 	356	 	455	 	764	 	855	 	930	 	970	 	974	 	1219	 	1294	 	1379	 	1559	 	1621	 	1659	 	1870	 	1964	  
56: 
413	 	448	 	488	 	597	 	695	 	999	 	1069	 	1181	 	1265	 	1496	 	1665	 	1762	 	1802	 	1847	 	1962	 	1965	  
57: 
434	 	478	 	761	 	844	 	983	 	995	 	1156	 	1202	 	1214	 	1296	 	1330	 	1332	 	1491	 	1538	 	1557	 	1576	 	1596	  
58: 
60	 	258	 	293	 	384	 	449	 	534	 	672	 	738	 	824	 	843	 	848	 	851	 	852	 	874	 	908	 	927	 	1194	 	1371	 	1391	 	1465	 	1609	 	1637	 	1691	 	1834	 	1949	  
59: 
55	 	105	 	304	 	326	 	398	 	526	 	1195	 	1304	 	1324	 	1447	 	1583	 	1608	 	1711	 	1886	  
60: 
110	 	268	 	324	 	406	 	609	 	739	 	839	 	950	 	1016	 	1035	 	1124	 	1210	 	1258	 	1285	 	1383	 	1412	 	1415	 	1667	 	1718	 	1836	 	1865	 	1866	 	1899	 	1972	  
61: 
88	 	121	 	215	 	216	 	226	 	476	 	525	 	867	 	1191	 	1225	 	1321	 	1533	 	1651	 	1714	 	1897	  
62: 
80	 	96	 	112	 	142	 	509	 	620	 	687	 	1224	 	1389	 	1392	 	1998	  
63: 
19	 	42	 	291	 	301	 	367	 	389	 	411	 	452	 	462	 	486	 	550	 	618	 	693	 	813	 	1134	 	1157	 	1305	 	1725	 	1780	 	1824	  
64: 
408	 	591	 	603	 	639	 	656	 	683	 	1021	 	1028	 	1051	 	1144	 	1367	 	1390	 	1706	 	1867	  
65: 
25	 	451	 	1207	 	1475	 	1476	 	1715	 	1960	  
66: 
30	 	222	 	396	 	490	 	535	 	628	 	638	 	682	 	747	 	826	 	1164	 	1235	 	1262	 	1421	 	1444	 	1469	 	1740	 	1745	 	1898	 	1975	  
67: 
2	 	126	 	251	 	328	 	724	 	779	 	793	 	876	 	1006	 	1205	 	1242	 	1402	 	1911	 	1933	 	1939	 	1978	  
68: 
133	 	345	 	625	 	744	 	797	 	808	 	861	 	921	 	1126	 	1231	 	1360	 	1488	 	1628	 	1682	 	1758	 	1963	  
69: 
41	 	83	 	313	 	391	 	475	 	516	 	543	 	573	 	621	 	692	 	750	 	755	 	1153	 	1237	 	1255	 	1400	 	1525	 	1542	 	1552	 	1690	 	1742	  
70: 
368	 	378	 	381	 	658	 	937	 	1316	 	1352	 	1378	 	1674	 	1838	 	1853	  
71: 
184	 	298	 	538	 	698	 	730	 	836	 	857	 	1327	 	1498	 	1529	 	1592	 	1751	  
72: 
11	 	69	 	128	 	798	 	820	 	1340	 	1581	 	1719	  
73: 
267	 	283	 	497	 	517	 	554	 	577	 	602	 	668	 	827	 	854	 	991	 	1000	 	1073	 	1083	 	1098	 	1189	 	1349	 	1417	 	1464	 	1569	 	1689	 	1782	 	1848	  
74: 
75	 	98	 	146	 	152	 	249	 	318	 	662	 	754	 	775	 	790	 	898	 	933	 	1022	 	1077	 	1172	 	1178	 	1238	 	1319	 	1345	 	1351	 	1387	 	1501	 	1567	 	1850	 	1883	  
75: 
22	 	33	 	67	 	634	 	794	 	811	 	1334	 	1553	 	1642	 	1730	 	1796	 	1936	  
76: 
9	 	157	 	292	 	358	 	403	 	521	 	623	 	633	 	701	 	859	 	885	 	889	 	1012	 	1139	 	1516	 	1677	 	1885	 	1887	 	1947	 	1995	  
77: 
78	 	91	 	312	 	360	 	444	 	566	 	887	 	1068	 	1105	 	1121	 	1140	 	1247	 	1531	 	1598	 	1700	 	1823	 	1841	 	1961	  
78: 
361	 	402	 	691	 	1154	 	1274	 	1373	 	1445	 	1586	 	1816	 	1926	 	1997	  
79: 
8	 	182	 	279	 	316	 	447	 	536	 	580	 	828	 	1106	 	1129	 	1326	 	1364	 	1566	 	1584	 	1833	 	1904	 	1953	  
80: 
242	 	244	 	740	 	809	 	1080	 	1128	 	1422	 	1462	 	1534	 	1633	 	1701	 	1819	 	1858	 	1944	 	1976	  
81: 
158	 	161	 	200	 	308	 	336	 	350	 	600	 	756	 	759	 	822	 	873	 	935	 	979	 	1063	 	1292	 	1574	 	1747	 	1748	 	1786	 	1951	  
82: 
45	 	145	 	464	 	655	 	669	 	791	 	1026	 	1060	 	1120	 	1148	 	1211	 	1365	 	1646	 	1707	 	1768	  
83: 
167	 	441	 	483	 	617	 	831	 	909	 	955	 	1005	 	1025	 	1043	 	1353	  
84: 
330	 	377	 	527	 	599	 	987	 	1223	 	1502	 	1512	 	1524	 	1765	 	1800	 	1940	  
85: 
17	 	432	 	607	 	632	 	781	 	989	 	1079	 	1180	 	1239	 	1249	 	1346	 	1401	 	1413	 	1492	 	1664	 	1732	 	1839	 	1986	  
86: 
32	 	114	 	221	 	471	 	492	 	648	 	846	 	1046	 	1518	 	1560	 	1685	 	1851	 	1981	  
87: 
61	 	101	 	127	 	129	 	642	 	801	 	1020	 	1099	 	1541	 	1632	 	1662	 	1744	 	1792	  
88: 
40	 	156	 	366	 	404	 	425	 	427	 	654	 	868	 	872	 	1007	 	1018	 	1385	 	1424	 	1457	 	1601	  
89: 
1	 	3	 	29	 	63	 	286	 	306	 	734	 	953	 	954	 	977	 	990	 	1277	 	1331	 	1554	 	1735	 	1990	  
90: 
37	 	93	 	125	 	260	 	422	 	572	 	595	 	782	 	928	 	985	 	1095	 	1197	 	1264	 	1320	 	1329	 	1418	 	1680	 	1910	  
91: 
0	 	6	 	319	 	335	 	388	 	494	 	606	 	635	 	645	 	723	 	729	 	816	 	917	 	996	 	1122	 	1137	 	1306	 	1309	  
92: 
235	 	387	 	393	 	512	 	519	 	624	 	631	 	660	 	713	 	896	 	1011	 	1282	 	1344	 	1388	 	1794	 	1846	  
93: 
218	 	234	 	971	 	1044	 	1085	 	1168	 	1439	 	1484	 	1842	 	1992	  
94: 
56	 	111	 	435	 	499	 	505	 	676	 	858	 	905	 	906	 	931	 	1023	 	1027	 	1097	 	1125	 	1206	 	1499	 	1585	  
95: 
180	 	262	 	284	 	410	 	424	 	465	 	547	 	710	 	748	 	882	 	1057	 	1190	 	1308	 	1568	 	1693	 	1843	 	1869	  
96: 
237	 	414	 	442	 	749	 	758	 	762	 	886	 	888	 	1004	 	1115	 	1312	 	1322	 	1354	 	1404	 	1580	 	1595	 	1653	 	1699	 	1770	 	1891	 	1900	 	1941	  
97: 
208	 	430	 	467	 	474	 	489	 	495	 	522	 	841	 	849	 	994	 	1112	 	1515	 	1564	 	1663	 	1668	 	1775	 	1878	  
98: 
123	 	310	 	311	 	321	 	557	 	667	 	945	 	964	 	1009	 	1155	 	1179	 	1273	 	1506	 	1623	 	1818	 	1896	 	1980	  
99: 
59	 	264	 	351	 	385	 	429	 	643	 	840	 	1058	 	1276	 	1315	 	1343	 	1405	 	1483	 	1556	 	1790	 	1901	 	1908	  
100: 
51	 	236	 	417	 	428	 	742	 	922	 	1052	 	1203	 	1271	 	1298	 	1342	 	1355	 	1426	 	1435	 	1522	 	1591	 	1648	 	1806	 	1916	 	1921	 	1973	  
101: 
117	 	436	 	506	 	728	 	770	 	783	 	940	 	1041	 	1212	 	1215	 	1230	 	1257	 	1363	 	1570	 	1600	 	1696	 	1771	 	1788	 	1808	 	1991	  
102: 
89	 	205	 	288	 	290	 	401	 	520	 	571	 	884	 	988	 	1040	 	1103	 	1113	 	1613	 	1743	 	1746	  
103: 
498	 	588	 	712	 	717	 	751	 	881	 	883	 	1186	 	1333	 	1370	 	1589	 	1615	 	1619	 	1969	  
104: 
94	 	116	 	329	 	502	 	1143	 	1430	 	1453	 	1606	 	1688	 	1720	 	1738	 	1919	  
105: 
214	 	353	 	421	 	480	 	630	 	675	 	807	 	1032	 	1109	 	1174	 	1266	 	1565	 	1622	 	1977	  
106: 
38	 	443	 	479	 	967	 	1270	 	1419	 	1459	 	1549	 	1644	 	1837	 	1993	  
107: 
149	 	276	 	280	 	890	 	1014	 	1233	 	1631	 	1737	 	1825	 	1889	  
108: 
153	 	445	 	731	 	835	 	1107	 	1176	 	1425	 	1454	 	1507	 	1517	 	1804	 	1881	  
109: 
4	 	108	 	357	 	469	 	545	 	673	 	774	 	923	 	1119	 	1123	 	1468	 	1509	 	1655	 	1831	 	1852	 	1862	 	1909	 	1912	 	1942	  
110: 
36	 	190	 	359	 	661	 	666	 	690	 	1084	 	1093	 	1232	 	1540	 	1579	 	1923	  
111: 
139	 	265	 	419	 	440	 	487	 	568	 	679	 	914	 	1037	 	1241	 	1449	 	1467	 	1520	 	1561	 	1625	 	1734	 	1932	  
112: 
143	 	273	 	470	 	567	 	647	 	965	 	982	 	1024	 	1039	 	1114	 	1347	 	1350	 	1358	 	1855	 	1979	  
113: 
26	 	68	 	202	 	362	 	371	 	726	 	763	 	799	 	926	 	1082	 	1163	 	1167	 	1380	 	1384	 	1511	 	1588	 	1703	 	1857	  
114: 
54	 	196	 	900	 	992	 	1310	 	1313	 	1395	 	1406	 	1753	 	1918	  
115: 
73	 	77	 	188	 	453	 	584	 	920	 	1088	 	1470	 	1558	 	1913	  
116: 
84	 	219	 	833	 	899	 	1049	 	1252	 	1284	 	1361	 	1403	 	1797	  
117: 
135	 	207	 	379	 	614	 	637	 	847	 	1161	 	1368	 	1374	 	1382	 	1414	 	1519	 	1695	 	1756	 	1874	 	1994	  
118: 
211	 	560	 	605	 	721	 	815	 	993	 	998	 	1065	 	1142	 	1187	 	1221	 	1450	 	1463	 	1605	 	1683	  
119: 
71	 	137	 	220	 	652	 	696	 	800	 	949	 	1200	 	1338	 	1485	  
120: 
102	 	104	 	130	 	278	 	325	 	491	 	719	 	753	 	823	 	879	 	1042	 	1047	 	1059	 	1102	 	1110	 	1160	 	1175	 	1611	 	1641	 	1772	 	1864	  
121: 
44	 	338	 	349	 	564	 	626	 	913	 	1031	 	1146	 	1248	 	1428	 	1497	 	1532	 	1548	 	1618	 	1726	 	1798	 	1880	 	1927	 	1956	  
122: 
407	 	420	 	558	 	766	 	1150	 	1220	 	1500	 	1604	 	1634	 	1649	 	1922	 	1952	  
123: 
28	 	81	 	95	 	191	 	241	 	418	 	1173	 	1217	 	1269	 	1299	 	1458	 	1487	 	1530	 	1536	 	1547	 	1813	  
124: 
23	 	79	 	169	 	485	 	611	 	777	 	850	 	957	 	1008	 	1116	 	1159	 	1323	 	1563	 	1647	 	1893	  
125: 
5	 	14	 	47	 	160	 	255	 	307	 	369	 	439	 	561	 	664	 	671	 	912	 	938	 	1279	 	1375	 	1437	 	1480	 	1905	  
126: 
85	 	92	 	187	 	274	 	322	 	347	 	450	 	507	 	576	 	878	 	1291	 	1416	 	1769	 	1844	 	1938	 	1966	  
127: 
165	 	257	 	299	 	627	 	737	 	877	 	958	 	981	 	1056	 	1132	 	1369	 	1513	 	1527	 	1537	 	1544	 	1614	 	1635	 	1657	  
