353  
239  
522  
1359  
889  
1096  
856  
666  
142  
1612  
86  
1537  
1142  
1049  
951  
53  
295  
1877  
541  
1385  
1515  
1954  
155  
165  
955  
450  
1354  
1755  
130  
1774  
915  
1025  
1859  
1954  
1697  
1375  
1326  
793  
732  
1540  
128  
492  
24  
503  
284  
993  
1196  
1658  
1940  
381  
1101  
1797  
1797  
1869  
1765  
657  
733  
1135  
955  
1729  
37  
1195  
1752  
1856  
1515  
1286  
1632  
1081  
1065  
1701  
1147  
868  
1917  
1951  
694  
153  
1584  
27  
1181  
1172  
591  
930  
1206  
1157  
1517  
541  
1308  
214  
1658  
1656  
1705  
1101  
1147  
1097  
537  
1150  
843  
598  
1682  
1157  
262  
953  
1648  
1451  
226  
1288  
1642  
1746  
252  
1394  
998  
316  
1187  
1555  
541  
579  
517  
1870  
1612  
1129  
231  
844  
1639  
762  
1869  
253  
1206  
1430  
1878  
896  
1478  
1368  
1575  
598  
1355  
289  
791  
20  
575  
965  
1385  
1657  
1656  
427  
908  
1840  
1150  
784  
1955  
1649  
1082  
1883  
1953  
575  
1296  
1150  
1025  
946  
1691  
1945  
237  
27  
1641  
280  
1548  
382  
1120  
1470  
1133  
1986  
253  
826  
309  
851  
377  
1649  
1435  
1190  
231  
1065  
546  
1632  
1002  
1921  
57  
1825  
1354  
1637  
1612  
892  
1745  
428  
598  
329  
1172  
1217  
1412  
1221  
289  
1840  
507  
1129  
904  
1558  
470  
354  
810  
1940  
1086  
189  
1954  
53  
1639  
826  
1691  
1564  
20  
180  
1883  
169  
109  
496  
1478  
27  
1555  
1729  
782  
988  
1974  
907  
1394  
1395  
1957  
1555  
470  
153  
710  
289  
813  
1148  
995  
1130  
597  
1642  
22  
179  
1394  
1588  
1751  
1612  
1514  
1915  
916  
165  
1945  
737  
1133  
313  
1627  
723  
930  
1691  
377  
953  
1435  
462  
1732  
1355  
1146  
1364  
314  
1883  
1558  
1856  
1157  
382  
1150  
897  
1355  
1637  
1438  
1919  
1065  
546  
1321  
309  
392  
1767  
1181  
657  
799  
153  
238  
1548  
1682  
796  
822  
411  
1537  
1148  
1368  
1945  
694  
876  
904  
1627  
1157  
950  
1558  
1096  
462  
988  
238  
114  
1131  
181  
1504  
884  
1564  
907  
1797  
74  
1330  
1517  
1691  
57  
597  
226  
1355  
1435  
1461  
1681  
1296  
915  
537  
1661  
1157  
253  
996  
43  
1384  
946  
129  
411  
1003  
1478  
1641  
169  
907  
742  
1150  
232  
1558  
1558  
1150  
1564  
496  
1555  
1097  
57  
309  
1974  
598  
1206  
1065  
730  
1096  
723  
1412  
57  
1073  
1515  
1402  
114  
1641  
22  
1649  
1564  
563  
314  
1110  
1236  
1934  
1752  
1584  
1239  
1508  
1217  
304  
181  
153  
1300  
884  
226  
712  
151  
1116  
1271  
1945  
1796  
1701  
232  
560  
1172  
1682  
1323  
1510  
181  
1796  
499  
1697  
908  
1642  
506  
1548  
1150  
1502  
839  
1641  
1229  
1921  
1745  
1526  
4  
737  
1133  
666  
1025  
1555  
337  
37  
187  
791  
309  
523  
316  
22  
1206  
839  
1648  
181  
379  
1217  
1112  
165  
1096  
1767  
1805  
426  
454  
930  
1104  
1368  
239  
1547  
1466  
151  
1957  
1612  
1002  
1805  
1884  
101  
194  
1691  
347  
1915  
1190  
1239  
1974  
1510  
43  
313  
133  
575  
1049  
1555  
591  
1642  
1728  
563  
1430  
813  
314  
1825  
1796  
1584  
1157  
1517  
876  
1466  
1355  
295  
1323  
1547  
998  
1708  
876  
1537  
470  
1921  
657  
507  
1230  
657  
1535  
1797  
1171  
1582  
818  
378  
1940  
1794  
1833  
949  
181  
470  
839  
1129  
1003  
998  
1681  
179  
37  
657  
165  
57  
1732  
309  
295  
946  
181  
951  
1515  
314  
37  
1385  
1171  
1438  
784  
1915  
884  
1767  
1805  
1946  
316  
226  
1221  
907  
1025  
1002  
1955  
1494  
861  
1876  
951  
523  
1637  
243  
1033  
1691  
779  
1515  
988  
1385  
1129  
1883  
1148  
1620  
1649  
22  
1691  
1869  
771  
657  
1648  
329  
723  
101  
1395  
109  
37  
950  
1648  
1632  
636  
392  
1065  
1403  
1548  
1997  
449  
1547  
575  
736  
30  
474  
1133  
928  
1656  
496  
1181  
1752  
636  
1637  
657  
1232  
1514  
433  
1101  
965  
253  
391  
949  
1691  
1535  
109  
1656  
575  
1040  
1180  
657  
1351  
907  
1341  
1915  
253  
316  
1096  
1649  
347  
1368  
1688  
1934  
1641  
1002  
116  
1701  
563  
504  
931  
1195  
492  
68  
101  
1974  
115  
1883  
1120  
1007  
1953  
1883  
851  
470  
523  
93  
88  
1697  
306  
1620  
1833  
1564  
1797  
1661  
560  
1612  
1584  
1649  
886  
194  
1438  
382  
1945  
377  
6  
347  
252  
37  
1096  
470  
1515  
31  
1558  
1957  
1172  
428  
1430  
1642  
1705  
1230  
181  
337  
153  
109  
1517  
1999  
796  
313  
1239  
101  
1997  
695  
1368  
1215  
1954  
427  
1548  
1752  
951  
946  
1342  
1508  
1697  
738  
1582  
329  
53  
1746  
1697  
114  
1796  
1437  
1135  
109  
27  
226  
1412  
694  
949  
1206  
1898  
791  
180  
810  
130  
513  
57  
636  
37  
792  
1385  
742  
1796  
316  
1846  
295  
850  
1368  
93  
1547  
306  
995  
1999  
1752  
1572  
496  
1098  
839  
946  
455  
181  
1345  
1869  
1412  
53  
1411  
876  
904  
1530  
57  
782  
1641  
1097  
1355  
1637  
1691  
1745  
1829  
226  
347  
1065  
1190  
1007  
295  
952  
1133  
1965  
1869  
1310  
1612  
1974  
133  
1869  
1049  
1438  
1121  
1065  
886  
1112  
657  
1797  
1649  
724  
657  
579  
1396  
1656  
1526  
657  
329  
133  
542  
1438  
379  
1065  
1435  
1751  
187  
1632  
1869  
1951  
309  
1833  
1217  
916  
1530  
1120  
43  
1259  
1440  
1394  
904  
1548  
22  
1385  
1584  
1007  
462  
1526  
1691  
1435  
151  
367  
1150  
984  
742  
694  
1705  
1697  
1547  
1505  
1555  
1639  
231  
356  
907  
89  
563  
253  
1318  
314  
1172  
1229  
462  
1345  
402  
606  
861  
1516  
153  
433  
53  
1131  
1691  
252  
1859  
1395  
791  
470  
37  
226  
1514  
1217  
1190  
20  
1945  
1510  
1096  
364  
496  
306  
1701  
1195  
1438  
470  
1642  
1884  
1065  
1833  
762  
792  
1612  
851  
908  
733  
602  
88  
5  
1680  
304  
1656  
714  
303  
1102  
657  
892  
1394  
428  
1627  
1584  
792  
1878  
381  
101  
1881  
724  
1096  
433  
1508  
1752  
1098  
857  
1632  
1378  
694  
636  
1701  
964  
455  
226  
907  
1833  
826  
792  
1368  
1121  
1704  
53  
998  
231  
1530  
1661  
1752  
1898  
20  
462  
470  
470  
1691  
1102  
1796  
563  
1308  
1878  
1611  
462  
504  
151  
1438  
1846  
1805  
1437  
1555  
1639  
1767  
1403  
1096  
364  
510  
1974  
1641  
235  
1217  
1688  
181  
57  
1504  
1120  
181  
507  
1997  
1172  
194  
1217  
1584  
295  
470  
1206  
226  
187  
1215  
1537  
1073  
591  
737  
1940  
1237  
1435  
1840  
1438  
598  
542  
1681  
1121  
1796  
908  
470  
231  
1454  
1620  
504  
1157  
1612  
295  
165  
151  
1438  
597  
6  
1729  
1701  
1096  
1515  
1081  
1368  
116  
27  
1355  
129  
1157  
1526  
231  
30  
496  
1368  
1081  
1915  
1068  
1548  
796  
361  
1530  
733  
1215  
1385  
392  
908  
908  
1681  
1584  
133  
542  
226  
1919  
1869  
660  
1921  
1329  
1150  
885  
1394  
1288  
194  
876  
1535  
1548  
226  
1805  
160  
1632  
109  
1682  
506  
1157  
657  
885  
1796  
930  
1627  
876  
1526  
101  
426  
133  
904  
130  
605  
1068  
1354  
1385  
326  
733  
651  
1385  
1767  
575  
181  
1657  
694  
988  
515  
1846  
1745  
326  
226  
1025  
1869  
657  
1341  
116  
289  
1641  
1190  
392  
1130  
1915  
931  
1007  
1172  
1348  
991  
1068  
110  
1702  
1305  
737  
1096  
666  
1681  
1239  
1626  
744  
1548  
876  
1229  
1642  
1049  
1190  
454  
1025  
1385  
1974  
237  
1859  
1150  
636  
523  
915  
515  
1065  
1547  
1997  
1096  
57  
1951  
181  
955  
1641  
470  
57  
1374  
1548  
1562  
1702  
1346  
359  
904  
1172  
1435  
964  
1564  
1681  
1499  
153  
931  
591  
1701  
1648  
541  
1664  
1840  
1368  
1805  
930  
1708  
181  
1355  
1588  
1040  
1308  
231  
930  
237  
57  
1825  
316  
1870  
1096  
351  
1752  
1355  
1688  
1612  
232  
964  
1288  
1403  
1411  
1878  
1463  
1547  
1112  
1096  
354  
1859  
1341  
1752  
1558  
1505  
554  
153  
1934  
1318  
1354  
474  
1632  
591  
694  
1883  
1974  
37  
1746  
1065  
964  
991  
931  
1385  
1065  
591  
876  
791  
1955  
101  
232  
1555  
1181  
1626  
651  
1110  
1785  
950  
657  
1745  
232  
1632  
1025  
1530  
995  
1150  
1068  
1649  
426  
1846  
791  
1096  
1519  
53  
499  
1808  
304  
53  
876  
950  
964  
306  
839  
309  
597  
289  
382  
1564  
1915  
31  
462  
470  
861  
976  
946  
1172  
1620  
1505  
231  
1217  
1098  
1082  
462  
1945  
101  
411  
1514  
1974  
1172  
517  
1870  
1217  
194  
1329  
1368  
1564  
165  
907  
904  
1632  
454  
1626  
1215  
235  
1612  
1997  
1558  
1121  
1096  
450  
1682  
1502  
1859  
1478  
130  
1785  
878  
1155  
1150  
1437  
1129  
1491  
1385  
742  
1808  
1564  
1368  
714  
1548  
1355  
988  
1555  
791  
165  
563  
1466  
810  
231  
573  
806  
1691  
598  
1548  
356  
1508  
1681  
1582  
1656  
306  
1558  
114  
1368  
897  
936  
309  
1588  
953  
730  
30  
839  
631  
595  
1785  
1829  
1040  
1752  
591  
454  
839  
1752  
1229  
356  
1394  
1514  
1920  
984  
657  
965  
1558  
784  
314  
641  
1697  
1537  
1230  
1033  
1096  
151  
1884  
724  
377  
1856  
1681  
1564  
1656  
1975  
1941  
782  
411  
1691  
1564  
1007  
1626  
1341  
1752  
30  
326  
995  
1355  
443  
984  
1133  
1972  
991  
329  
1632  
1378  
1869  
433  
151  
1642  
1381  
1648  
1096  
965  
1129  
919  
289  
1752  
541  
189  
289  
1639  
504  
1898  
1172  
449  
1206  
523  
1374  
1157  
160  
908  
1146  
1883  
411  
470  
694  
1362  
1825  
27  
160  
1345  
1157  
159  
130  
197  
1526  
1945  
1548  
377  
309  
282  
498  
1130  
984  
995  
806  
1612  
1919  
1745  
791  
449  
231  
1238  
964  
304  
95  
232  
595  
1133  
242  
1642  
1919  
1957  
231  
1395  
991  
1954  
314  
1701  
1495  
309  
280  
1711  
1355  
1120  
309  
160  
27  
379  
1898  
485  
1691  
668  
165  
1101  
904  
1368  
165  
523  
541  
1112  
181  
1341  
133  
1869  
498  
876  
904  
1704  
289  
1003  
37  
1599  
1691  
1025  
1955  
995  
1691  
602  
946  
1003  
1102  
314  
1110  
113  
20  
1626  
1341  
1096  
111  
153  
1098  
724  
964  
1096  
712  
1915  
1354  
1612  
1564  
237  
1859  
995  
657  
771  
995  
1564  
93  
165  
207  
43  
1593  
1825  
1430  
382  
1859  
214  
1853  
1934  
1411  
1632  
392  
180  
1999  
231  
930  
598  
995  
1096  
155  
1547  
1130  
949  
314  
240  
1133  
216  
1704  
1323  
964  
885  
984  
1752  
791  
1955  
542  
1098  
231  
826  
694  
1121  
1068  
595  
1940  
1872  
994  
1079  
1024  
1257  
1731  
214  
198  
1122  
1681  
1098  
1701  
1074  
1150  
885  
165  
1129  
904  
1697  
546  
27  
1891  
541  
376  
1555  
885  
1239  
1146  
1150  
1517  
1547  
1478  
1112  
1555  
1341  
1627  
1656  
1296  
1641  
1919  
1430  
1649  
884  
416  
1150  
1974  
165  
1146  
181  
235  
462  
160  
1840  
1648  
376  
492  
82  
1286  
988  
537  
724  
130  
728  
237  
806  
1697  
1300  
1661  
951  
470  
1763  
1171  
5  
1033  
6  
11  
1420  
231  
1239  
1661  
303  
515  
1681  
1354  
151  
738  
1746  
1470  
1697  
1239  
411  
967  
382  
1172  
1840  
27  
738  
1097  
1708  
1555  
237  
1548  
391  
1898  
1150  
949  
995  
523  
1097  
368  
595  
1629  
1548  
226  
1355  
988  
839  
876  
498  
347  
826  
1808  
1505  
53  
806  
1632  
1288  
907  
1155  
11  
792  
226  
844  
151  
1612  
907  
1130  
563  
1681  
953  
1395  
863  
1656  
546  
1701  
1525  
1110  
1853  
109  
1171  
517  
402  
1172  
1025  
1704  
724  
231  
826  
738  
1146  
368  
1691  
1704  
542  
1231  
541  
1641  
428  
1656  
1833  
995  
1195  
226  
165  
289  
1664  
515  
1697  
1321  
1805  
1288  
470  
1381  
1746  
737  
181  
454  
542  
1877  
232  
1438  
1329  
53  
1355  
1461  
688  
130  
853  
994  
531  
559  
1774  
1128  
1878  
86  
6  
998  
1752  
1007  
1859  
738  
1663  
1548  
998  
231  
337  
1206  
1150  
232  
694  
1612  
542  
1833  
744  
1805  
1869  
498  
984  
1497  
1940  
1212  
1216  
1073  
591  
1206  
796  
1987  
1642  
1437  
411  
946  
1555  
155  
738  
884  
1708  
1702  
216  
598  
153  
991  
252  
454  
226  
1627  
563  
462  
89  
1859  
1068  
231  
517  
907  
1395  
1833  
1869  
1945  
1399  
309  
221  
876  
1950  
1682  
830  
37  
946  
378  
1752  
1572  
1682  
179  
151  
153  
319  
769  
202  
1440  
1869  
1883  
151  
881  
1701  
1954  
1150  
1121  
1869  
782  
109  
1040  
181  
1711  
523  
431  
1508  
1555  
1215  
237  
1642  
1271  
426  
165  
1215  
1691  
1649  
1112  
524  
1172  
1950  
57  
1532  
542  
1808  
183  
214  
853  
1981  
1503  
559  
197  
313  
1110  
519  
237  
733  
1025  
309  
826  
37  
506  
1649  
470  
1752  
1639  
730  
1584  
657  
1584  
1870  
1869  
953  
1957  
226  
1025  
1007  
733  
1945  
1883  
1102  
496  
114  
1945  
1752  
904  
1547  
660  
1454  
289  
1829  
1341  
1555  
636  
563  
1883  
791  
598  
427  
1348  
524  
796  
113  
1007  
1796  
537  
1385  
329  
1547  
304  
1974  
968  
1323  
411  
1883  
931  
1955  
964  
1550  
1921  
826  
1612  
1680  
37  
231  
1954  
153  
723  
450  
1231  
949  
876  
507  
160  
181  
1097  
1796  
30  
238  
907  
1921  
1368  
235  
839  
470  
194  
159  
595  
162  
1116  
1341  
1239  
1697  
111  
1547  
179  
151  
946  
1438  
114  
1288  
1101  
1915  
253  
876  
1007  
1649  
1532  
314  
289  
194  
1377  
1817  
1172  
382  
1639  
1491  
1752  
1025  
1955  
496  
579  
1096  
719  
359  
1120  
181  
1664  
559  
737  
967  
1878  
728  
998  
1461  
1172  
1025  
116  
738  
1564  
1438  
719  
1171  
988  
1701  
181  
1605  
57  
885  
53  
194  
231  
303  
732  
1877  
1632  
1478  
133  
392  
908  
1921  
1096  
189  
1547  
1745  
1898  
1642  
1068  
1150  
919  
1547  
1147  
542  
130  
361  
449  
723  
1588  
1681  
1120  
115  
53  
181  
1354  
839  
1129  
1215  
1846  
5  
1403  
1620  
1147  
904  
1915  
1505  
428  
226  
151  
1934  
1508  
1697  
1515  
1951  
1641  
169  
1515  
1582  
1321  
907  
930  
22  
1915  
155  
563  
1574  
130  
732  
1632  
738  
1221  
181  
1767  
1808  
1945  
1150  
666  
1131  
1752  
1915  
771  
657  
329  
116  
289  
1430  
1701  
1368  
1519  
411  
1632  
1648  
1049  
155  
1440  
309  
1537  
1946  
1612  
732  
1900  
1940  
1734  
1073  
1438  
1584  
115  
1642  
1648  
839  
1691  
27  
1934  
1548  
382  
1096  
274  
449  
1810  
904  
1470  
231  
329  
20  
1620  
930  
1096  
1098  
907  
74  
53  
1681  
1120  
598  
724  
1548  
1096  
462  
347  
541  
885  
27  
1310  
181  
1364  
993  
209  
1364  
1702  
1429  
47  
1368  
1846  
1206  
1438  
1728  
411  
1691  
931  
470  
1639  
1805  
347  
378  
876  
984  
733  
1146  
181  
1231  
559  
1364  
315  
1555  
575  
660  
876  
1217  
771  
1691  
1395  
1808  
904  
1411  
876  
1514  
1808  
39  
214  
1001  
988  
101  
1701  
1377  
1368  
274  
1682  
1550  
1829  
826  
114  
1555  
1155  
1508  
791  
151  
1003  
1412  
1796  
884  
1508  
1691  
1656  
832  
231  
1454  
1856  
1632  
844  
542  
1639  
1797  
226  
57  
1310  
231  
1891  
1547  
289  
836  
1940  
282  
71  
1430  
1478  
1157  
492  
766  
1150  
541  
1355  
784  
1612  
329  
454  
724  
1150  
1891  
964  
1049  
1997  
1033  
1470  
1438  
766  
309  
950  
523  
1121  
1096  
1649  
1120  
1438  
784  
1805  
329  
1530  
1385  
897  
1065  
1829  
151  
226  
839  
1953  
1508  
1898  
792  
5  
287  
796  
701  
1808  
95  
1641  
274  
955  
1884  
1508  
309  
904  
165  
411  
1883  
1466  
738  
356  
88  
1525  
399  
1763  
1007  
1157  
377  
411  
1150  
1515  
884  
1096  
1870  
1649  
30  
1632  
306  
462  
1395  
951  
936  
1883  
1519  
1073  
1661  
1355  
232  
1974  
1707  
861  
1794  
1368  
1544  
101  
1120  
724  
1547  
1049  
931  
309  
517  
496  
1954  
1648  
411  
631  
1641  
738  
1555  
1680  
886  
1869  
1515  
1403  
857  
1641  
1396  
1649  
1564  
724  
1808  
579  
1478  
1096  
517  
694  
1073  
274  
724  
850  
595  
785  
1355  
908  
411  
1470  
1632  
1499  
1639  
470  
1206  
1385  
1116  
515  
1172  
1626  
1348  
449  
839  
314  
1708  
876  
1116  
951  
908  
226  
1351  
53  
949  
1171  
1825  
712  
1231  
1181  
1172  
1394  
1514  
226  
262  
470  
575  
1656  
1354  
737  
1702  
544  
1288  
886  
1681  
507  
742  
1438  
1751  
1656  
450  
724  
1823  
719  
1797  
694  
964  
826  
1188  
1612  
993  
657  
984  
367  
153  
498  
160  
1102  
151  
1097  
1681  
1639  
1564  
1681  
930  
20  
542  
181  
931  
1394  
426  
235  
930  
836  
595  
862  
1353  
1079  
1671  
1937  
1731  
1702  
1473  
737  
1555  
1502  
1954  
1859  
1626  
695  
1411  
876  
433  
868  
1368  
20  
1558  
1537  
1430  
1120  
688  
1438  
1148  
1808  
1547  
1310  
1883  
719  
733  
878  
88  
1310  
953  
326  
1945  
1999  
1681  
1728  
1130  
839  
738  
443  
1641  
523  
930  
657  
1656  
546  
517  
724  
1126  
492  
113  
1515  
876  
1765  
1073  
1805  
382  
1656  
1946  
1411  
1641  
1859  
180  
724  
515  
1562  
1555  
965  
1508  
243  
1661  
1310  
657  
1921  
153  
1682  
443  
1368  
1682  
1833  
1691  
886  
1805  
1535  
1859  
1310  
791  
1122  
1074  
492  
350  
1745  
1797  
995  
1632  
27  
1355  
377  
1341  
454  
1195  
226  
295  
946  
1632  
53  
1537  
450  
1120  
1870  
1691  
377  
1508  
30  
1065  
1941  
1230  
697  
1150  
995  
1975  
1354  
1883  
1437  
694  
930  
1745  
1682  
1833  
1150  
1704  
1157  
377  
1661  
1459  
1110  
198  
1395  
1517  
876  
1120  
1440  
575  
71  
1172  
6  
1767  
1097  
181  
111  
1682  
1412  
1206  
694  
1172  
1135  
1430  
563  
1648  
382  
1096  
946  
1588  
1206  
876  
1955  
1859  
1116  
710  
857  
1691  
1219  
101  
542  
1003  
183  
214  
1875  
1550  
1130  
314  
1701  
1878  
1809  
231  
1926  
354  
1728  
6  
951  
904  
1180  
1691  
1926  
354  
1680  
1620  
886  
1120  
1475  
1368  
329  
1530  
1558  
1096  
262  
289  
931  
329  
1385  
1901  
1323  
1065  
995  
878  
1354  
231  
1465  
1632  
1530  
955  
1040  
918  
1110  
684  
309  
1238  
153  
427  
1130  
1120  
724  
1515  
510  
1478  
1555  
313  
868  
719  
1355  
951  
329  
1450  
1368  
20  
575  
1833  
1859  
591  
1120  
1172  
252  
1157  
1505  
295  
1288  
563  
1412  
955  
1230  
1984  
861  
361  
1007  
1116  
930  
1632  
1661  
820  
27  
1310  
1752  
1357  
231  
30  
115  
1656  
1232  
470  
1840  
1172  
886  
1394  
1374  
1661  
1612  
329  
1547  
1681  
1648  
411  
1157  
1096  
1974  
454  
1558  
1157  
309  
4  
724  
523  
1461  
1998  
796  
1872  
1093  
1922  
767  
197  
128  
1133  
731  
1704  
523  
1974  
876  
515  
791  
694  
660  
1532  
1096  
1915  
541  
1438  
1341  
1239  
1805  
950  
1368  
1564  
20  
1171  
930  
1368  
1535  
1288  
57  
367  
30  
1438  
1348  
57  
657  
169  
153  
160  
1120  
22  
733  
377  
1819  
749  
1878  
1357  
1648  
1632  
1378  
1656  
1412  
151  
946  
657  
537  
194  
1171  
1286  
916  
116  
1564  
289  
660  
967  
949  
1957  
231  
907  
742  
1517  
226  
1805  
591  
657  
1128  
1482  
712  
733  
1921  
1974  
181  
1102  
1548  
1620  
1033  
83  
1110  
122  
1491  
1368  
1840  
724  
1639  
1954  
287  
1921  
1682  
881  
1157  
1181  
181  
1238  
964  
1049  
537  
1805  
1946  
1562  
1641  
955  
1946  
1746  
1691  
1454  
601  
1691  
1461  
724  
523  
1954  
1206  
1003  
1438  
1797  
153  
730  
95  
1497  
43  
361  
235  
1558  
884  
1475  
1172  
826  
1130  
151  
1129  
736  
1951  
71  
886  
1385  
1564  
988  
1402  
1437  
1544  
1548  
791  
1411  
1883  
1648  
1682  
782  
1975  
1102  
876  
1112  
1955  
1558  
657  
1751  
411  
1505  
839  
377  
1639  
908  
1883  
863  
1656  
1547  
1437  
1126  
492  
750  
946  
1130  
1150  
280  
116  
153  
1612  
1915  
30  
876  
1797  
1394  
1881  
507  
884  
316  
1131  
876  
101  
779  
657  
1215  
115  
1869  
537  
289  
309  
1341  
379  
694  
309  
1639  
22  
289  
1681  
1879  
1547  
1833  
724  
1497  
796  
1593  
1825  
1323  
1348  
27  
1940  
1658  
1801  
1728  
1171  
886  
329  
1612  
1649  
187  
231  
428  
946  
892  
1859  
1957  
1883  
1537  
1230  
1746  
1150  
1987  
1808  
1532  
1548  
1547  
1697  
424  
1116  
1230  
1745  
950  
1530  
839  
826  
1459  
1940  
111  
1682  
1098  
1157  
153  
1752  
1120  
454  
1620  
1025  
1883  
443  
507  
194  
470  
1381  
1040  
226  
598  
1065  
636  
1308  
1368  
1704  
1661  
1172  
1745  
232  
231  
262  
392  
1946  
1796  
1478  
1955  
839  
1155  
836  
1133  
256  
1093  
1922  
559  
1947  
128  
1702  
1635  
657  
842  
694  
1033  
1176  
1438  
949  
1217  
1746  
309  
111  
1869  
919  
1859  
946  
1364  
274  
1752  
598  
907  
347  
1329  
181  
591  
1007  
37  
1040  
1641  
1611  
868  
851  
733  
951  
930  
391  
314  
1368  
262  
1288  
153  
1547  
1403  
207  
1110  
1037  
1504  
377  
537  
563  
595  
59  
1564  
231  
1461  
1805  
1840  
1708  
226  
1915  
1025  
1632  
826  
1796  
1403  
260  
1555  
907  
1921  
462  
950  
1555  
329  
598  
1558  
1385  
4  
1129  
1801  
806  
1096  
1805  
1974  
1641  
1181  
1915  
1097  
1812  
1150  
